2.173913043478261
1.963027595695209
1.7725995770720198
1.6006444675186142
1.4453702598925153
1.3051587848364354
1.1785488472430559
1.0642209986059321
0.9609837865636083
0.8677613383384173
0.7835821486724313
0.7075689554155389
0.6389295972554504
0.5769487583146825
0.5209805135819514
0.47044159749118325
0.42480532549754
0.38359610530497995
0.3463844805448453
0.3127826552538375
0.28244045251032784
0.2550416651124711
0.23030076026720497
0.20795990394849065
0.18778627391454553
0.16956963338203482
0.1531201400715928
0.13826636779193605
0.12485351994477237
0.11274181633278435
0.10180503645902596
9.19292041369194e-2
8.30113997026926e-2
7.49586874518885e-2
6.768714712236866e-2
6.112099933054197e-2
5.519181584666825e-2
4.983780647922744e-2
4.500317513671483e-2
4.0637538356146835e-2
3.669540023854983e-2
3.313567831954275e-2
2.9921275433937262e-2
2.701869311259935e-2
2.43976824826402e-2
2.203092903283886e-2
1.9893767959122108e-2
1.796392712361237e-2
1.622129494852601e-2
1.4647710826059212e-2
