0.0
1.1155840187723462e-2
2.1229482372890168e-2
3.0325907668265317e-2
3.8539913251685945e-2
4.595710028215257e-2
5.265476598084235e-2
5.870270917374619e-2
6.416395769078512e-2
6.909542520189772e-2
7.354850433522839e-2
7.756960225851799e-2
8.120062430518667e-2
8.44794106851533e-2
8.744013083151478e-2
9.011363949271639e-2
9.252779828118013e-2
9.470776602936656e-2
9.667626097917768e-2
9.8453797537072e-2
0.10005890006220365
0.10150829591555027
0.10281708978186485
0.10399892108112484
0.10506610610992054
0.10602976639409036
0.10689994459021274
0.10768570914380658
0.10839524879492153
0.1090359579159957
0.10961451357131752
0.11013694510115696
0.11060869695572755
0.11103468543379509
0.11141934991722668
0.11176669913541432
0.11208035294171123
0.11236358003724886
0.11261933203526778
0.11285027422095983
0.1130588133273807
0.11324712261689618
0.11341716452954471
0.11357071113434349
0.11370936259666833
0.11383456385416282
0.11394761967496243
0.1140497082551609
0.11414189349722297
0.11422513609730146
