0.0
0.4850365299010201
0.9230209727343552
1.3185177247071878
1.6756484022472151
1.998134794876199
2.289337651340972
2.5522917032063566
2.789737290903701
3.0041489218216406
3.197761058053408
3.3725914025442605
3.5304619263124644
3.6730178558762305
3.801744818761512
3.9179843257702784
4.022947751355658
4.117728957798547
4.2033156947468555
4.2805998929161735
4.350386959226246
4.413404170241316
4.470308251385429
4.521692220918472
4.568091569996545
4.60998984322132
4.647823677835337
4.681987354078547
4.712836904127023
4.740693822434596
4.765848416144241
4.788562830485085
4.809073780683807
4.827595018860657
4.844319561618552
4.859421701539754
4.873058823552663
4.885373045097777
4.896492697185556
4.906533661780863
4.915600579451335
4.923787939865052
4.931181066501945
4.937857005841021
4.943885330289928
4.949328863224471
4.954244333694019
4.958682967615692
4.96269102161839
4.966310265100064
